Id,duration,credit_amount,installment_rate,residence_since,age,existing_credits,liable_people,target
0,6,1169,4,4,67,2,1,1
1,48,5951,2,2,22,1,1,2
2,12,2096,2,3,49,1,2,1
3,42,7882,2,4,45,1,2,1
4,24,4870,3,4,53,2,2,2
5,36,9055,2,4,35,1,2,1
6,24,2835,3,4,53,1,1,1
7,36,6948,2,2,35,1,1,1
8,12,3059,2,4,61,1,1,1
9,30,5234,4,2,28,2,1,2
10,12,1295,3,1,25,1,1,2
11,48,4308,3,4,24,1,1,2
12,12,1567,1,1,22,1,1,1
13,24,1199,4,4,60,3,1,2
14,15,1403,2,4,28,1,1,1
15,24,1282,4,2,32,1,1,2
16,24,2424,4,4,53,2,1,1
17,30,8072,2,2,25,3,1,1
18,24,12579,4,2,44,1,1,2
19,24,3430,3,2,31,1,2,1
20,9,2134,4,4,48,3,1,1
21,6,2647,2,3,44,1,2,1
22,10,2241,1,3,48,2,2,1
23,12,1804,3,4,44,1,0,1
24,10,2069,2,1,26,2,1,1
25,6,1374,1,2,36,1,1,1
26,6,426,4,4,39,1,1,1
27,12,409,3,3,42,2,1,1
28,7,2415,3,2,34,1,1,1
29,60,6836,3,4,63,2,1,2
30,18,1913,3,3,36,1,1,1
31,24,4020,2,2,27,1,1,1
32,18,5866,2,2,30,2,1,1
33,12,1264,4,4,57,1,1,1
34,12,1474,4,1,33,1,1,1
35,45,4746,4,2,25,2,1,2
36,48,6110,1,3,31,1,1,1
37,18,2100,4,2,37,1,1,2
38,10,1225,2,2,37,1,1,1
39,9,458,4,3,24,1,1,1
40,30,2333,4,2,30,1,1,1
41,12,1158,3,1,26,1,1,1
42,18,6204,2,4,44,1,2,1
43,30,6187,1,4,24,2,1,1
44,48,6143,4,4,58,2,1,2
45,11,1393,4,4,35,2,1,1
46,36,2299,4,4,39,1,1,1
47,6,1352,1,2,23,1,1,1
48,11,7228,1,4,39,2,1,1
49,12,2073,4,2,28,1,1,1
50,24,2333,4,2,29,1,1,1
51,27,5965,1,2,30,2,1,1
52,12,1262,3,2,25,1,1,1
53,18,3378,2,1,31,1,0,1
54,36,2225,4,4,57,2,1,2
55,6,783,1,2,26,1,2,1
56,12,6468,2,1,52,1,1,2
57,36,9566,2,2,31,2,1,1
58,18,1961,3,2,23,1,1,1
59,36,6229,4,4,23,2,1,2
60,9,1391,2,1,27,1,1,1
61,15,1537,4,4,50,2,1,1
62,36,1953,4,4,61,1,1,2
63,48,14421,2,2,25,1,1,2
64,24,3181,4,4,26,1,1,1
65,27,5190,4,4,48,4,2,1
66,12,2171,2,2,29,1,1,1
67,12,1007,4,1,22,1,1,1
68,36,1819,4,4,37,1,1,2
69,36,2394,4,4,25,1,1,1
70,36,8133,1,2,30,1,1,1
71,7,730,4,2,46,2,1,1
72,8,1164,3,4,51,2,2,1
73,42,5954,2,1,41,2,1,1
74,36,1977,4,4,40,1,1,2
75,12,1526,4,4,66,2,1,1
76,42,3965,4,3,34,1,1,2
77,11,4771,2,4,51,1,1,1
78,54,9436,2,2,39,1,2,1
79,30,3832,2,1,22,1,1,1
80,24,5943,1,1,44,2,1,2
81,15,1213,4,3,47,1,1,1
82,18,1568,3,4,24,1,1,1
83,24,1755,4,4,58,1,1,1
84,10,2315,3,4,52,1,1,1
85,12,1412,4,2,29,2,1,1
86,18,1295,4,1,27,2,1,1
87,36,12612,1,4,47,1,2,2
88,18,2249,4,3,30,1,2,1
89,12,1108,4,3,28,2,1,2
90,12,618,4,4,56,1,1,1
91,12,1409,4,3,54,1,1,1
92,12,797,4,3,33,1,2,2
93,24,3617,4,4,20,2,1,1
94,12,1318,4,4,54,1,1,1
95,54,15945,3,4,58,1,1,2
96,12,2012,4,2,61,1,1,1
97,18,2622,4,4,34,1,1,1
98,36,2337,4,4,36,1,1,1
99,20,7057,3,4,36,2,2,1
100,24,1469,4,4,41,1,1,1
101,36,2323,4,4,24,1,1,1
102,6,932,3,2,24,1,1,1
103,9,1919,4,3,35,1,1,1
104,12,2445,2,4,26,1,1,1
105,24,11938,2,3,38,2,2,2
106,18,6458,2,4,39,2,2,2
107,12,6078,2,2,32,1,1,1
108,24,7721,1,2,30,1,1,1
109,14,1410,1,2,35,1,1,1
110,6,1449,1,2,31,2,2,1
111,15,392,4,4,23,1,1,1
112,18,6260,3,3,28,1,1,1
113,36,7855,4,2,25,2,1,2
114,12,1680,3,1,35,1,1,1
115,48,3578,4,1,47,1,1,1
116,42,7174,4,3,30,1,1,2
117,10,2132,2,3,27,2,1,1
118,33,4281,1,4,23,2,1,2
119,12,2366,3,3,36,1,1,1
120,21,1835,3,2,25,2,1,2
121,24,3868,4,2,41,2,1,1
122,12,1768,3,2,24,1,1,1
123,10,781,4,4,63,2,1,1
124,18,1924,4,3,27,1,1,2
125,12,2121,4,2,30,2,1,1
126,12,701,4,2,40,1,1,1
127,12,639,4,2,30,1,1,2
128,12,1860,4,2,34,2,1,1
129,12,3499,3,2,29,2,1,2
130,48,8487,1,2,24,1,1,1
131,36,6887,4,3,29,1,1,2
132,15,2708,2,3,27,2,1,1
133,18,1984,4,4,47,2,1,1
134,60,10144,2,4,21,1,1,1
135,12,1240,4,2,38,3,1,1
136,27,8613,2,2,27,2,1,1
137,12,766,4,3,66,1,1,2
138,15,2728,4,2,35,3,1,1
139,12,1881,2,2,44,1,1,1
140,6,709,2,2,27,1,1,1
141,36,4795,4,1,30,1,1,1
142,27,3416,3,2,27,1,1,1
143,18,2462,2,2,22,1,1,2
144,21,2288,4,4,23,1,1,1
145,48,3566,4,2,30,1,1,1
146,6,860,1,4,39,2,1,1
147,12,682,4,3,51,2,1,1
148,36,5371,3,2,28,2,1,1
149,18,1582,4,4,46,2,1,1
150,6,1346,2,4,42,1,2,1
151,10,1924,1,4,38,1,1,1
152,36,5848,4,1,24,1,1,1
153,24,7758,2,4,29,1,1,1
154,24,6967,4,4,36,1,1,1
155,12,1282,2,4,20,1,1,2
156,9,1288,3,4,48,2,3,1
157,12,339,4,1,45,1,1,1
158,24,3512,2,3,38,2,1,1
159,6,1898,1,2,34,2,2,1
160,24,2872,3,4,36,1,2,1
161,18,1055,4,1,30,2,1,1
162,15,1262,4,3,36,2,1,1
163,10,7308,2,4,70,1,1,1
164,36,909,4,4,36,1,1,1
165,6,2978,1,2,32,1,1,1
166,18,1131,4,2,33,1,1,2
167,11,1577,4,1,20,1,1,1
168,24,3972,2,4,25,1,1,1
169,24,1935,4,5,31,2,1,2
170,15,950,4,3,33,2,2,2
171,12,763,4,1,26,1,1,1
172,24,2064,3,2,34,1,1,2
173,8,1414,4,2,33,1,1,1
174,21,3414,2,1,26,2,1,2
175,30,7485,4,1,53,1,1,2
176,12,2577,2,1,42,1,1,1
177,6,338,4,4,52,2,1,1
178,12,1963,4,2,31,2,2,1
179,21,571,4,4,65,2,1,1
180,36,9572,1,1,28,2,1,2
181,36,4455,2,2,31,2,1,2
182,21,1647,4,2,40,2,2,2
183,24,3777,4,4,50,1,1,1
184,18,884,4,4,36,1,2,2
185,15,1360,4,2,31,2,1,1
186,9,5129,2,4,74,1,2,2
187,16,1175,2,3,68,3,1,1
188,12,674,4,1,20,1,1,2
189,18,3244,1,4,33,2,1,1
190,24,4591,2,3,54,3,1,2
191,48,3844,4,4,34,1,2,2
192,27,3915,4,2,36,1,2,2
193,6,2108,2,2,29,1,1,1
194,45,3031,4,4,21,1,1,2
195,9,1501,2,3,34,2,1,2
196,6,1382,1,1,28,2,1,1
197,12,951,4,4,27,4,1,2
198,24,2760,4,4,36,1,1,1
199,18,4297,4,3,40,1,1,2
200,9,936,4,2,52,2,1,1
201,12,1168,4,3,27,1,1,1
202,27,5117,3,4,26,2,1,1
203,12,902,4,4,21,1,1,2
204,12,1495,4,1,38,2,2,1
205,30,10623,3,4,38,3,2,1
206,12,1935,4,4,43,3,1,1
207,12,1424,4,3,26,1,1,1
208,24,6568,2,2,21,1,1,1
209,12,1413,3,2,55,1,1,1
210,9,3074,1,2,33,2,2,1
211,36,3835,2,4,45,1,1,1
212,27,5293,2,4,50,2,1,2
213,30,1908,4,4,66,1,1,2
214,36,3342,4,2,50,1,1,1
215,6,932,1,3,39,2,1,1
216,18,3104,3,1,31,1,1,1
217,36,3913,2,2,23,1,1,1
218,24,3021,2,2,24,1,1,1
219,10,1364,2,4,64,1,1,1
220,12,625,4,1,26,1,1,1
221,12,1200,4,4,23,1,1,1
222,12,707,4,2,30,2,1,1
223,24,2978,4,4,32,2,2,1
224,15,4657,3,2,30,1,1,1
225,36,2613,4,2,27,2,1,1
226,48,10961,1,2,26,2,1,2
227,12,7865,4,4,53,1,1,2
228,9,1478,4,2,22,1,1,2
229,24,3149,4,1,22,1,1,1
230,36,4210,4,2,26,1,1,2
231,9,2507,2,4,51,1,1,1
232,12,2141,3,1,35,1,1,1
233,18,866,4,2,25,1,1,1
234,4,1544,2,1,42,3,2,1
235,24,1823,4,2,30,1,2,2
236,6,14555,1,2,23,1,1,2
237,21,2767,4,2,61,2,1,2
238,12,1291,4,2,35,2,1,1
239,30,2522,1,3,39,1,2,1
240,24,915,4,2,29,1,1,2
241,6,1595,3,2,51,1,2,1
242,48,4605,3,4,24,2,2,2
243,12,1185,3,2,27,2,1,1
244,12,3447,4,3,35,1,2,1
245,24,1258,4,1,25,1,1,1
246,12,717,4,4,52,3,1,1
247,6,1204,4,1,35,1,1,1
248,24,1925,2,2,26,1,1,1
249,18,433,3,4,22,1,1,2
250,6,666,3,4,39,2,1,1
251,12,2251,1,2,46,1,1,1
252,30,2150,4,2,24,1,1,2
253,24,4151,2,3,35,2,1,1
254,9,2030,2,1,24,1,1,1
255,60,7418,1,1,27,1,1,1
256,24,2684,4,2,35,2,1,1
257,12,2149,4,1,29,1,1,2
258,15,3812,1,4,23,1,1,1
259,11,1154,4,4,57,3,1,1
260,12,1657,2,2,27,1,1,1
261,24,1603,4,4,55,1,1,1
262,18,5302,2,4,36,3,1,1
263,12,2748,2,4,57,3,1,1
264,10,1231,3,4,32,2,2,1
265,15,802,4,3,37,1,2,2
266,36,6304,4,4,36,2,1,1
267,24,1533,4,3,38,1,1,1
268,14,8978,1,4,45,1,1,2
269,24,999,4,2,25,2,1,1
270,18,2662,4,3,32,1,1,1
271,12,1402,3,4,37,1,1,1
272,48,12169,4,4,36,1,1,1
273,48,3060,4,4,28,2,1,2
274,30,11998,1,1,34,1,1,2
275,9,2697,1,2,32,1,2,1
276,18,2404,2,2,26,2,1,1
277,12,1262,2,4,49,1,1,1
278,6,4611,1,4,33,1,1,2
279,24,1901,4,4,29,1,1,1
280,15,3368,3,4,23,2,1,1
281,12,1574,4,2,50,1,1,1
282,18,1445,4,4,49,1,1,1
283,15,1520,4,4,63,1,1,1
284,24,3878,4,2,37,1,1,1
285,47,10722,1,1,35,1,1,1
286,48,4788,4,3,26,1,2,1
287,48,7582,2,4,31,1,1,1
288,12,1092,4,4,49,2,1,1
289,24,1024,4,4,48,1,1,2
290,12,1076,2,2,26,1,1,1
291,36,9398,1,4,28,1,1,2
292,24,6419,2,4,44,2,2,1
293,42,4796,4,4,56,1,1,1
294,48,7629,4,2,46,2,2,1
295,48,9960,1,2,27,1,1,2
296,12,4675,1,4,20,1,1,1
297,10,1287,4,2,45,1,1,1
298,18,2515,3,4,43,1,1,1
299,21,2745,3,2,32,2,1,1
300,6,672,1,4,54,1,1,1
301,36,3804,4,1,42,1,1,2
302,24,1344,4,2,37,2,2,2
303,10,1038,4,3,49,2,1,1
304,48,10127,2,2,44,1,1,2
305,6,1543,4,2,33,1,1,1
306,30,4811,2,4,24,1,1,1
307,12,727,4,3,33,1,1,2
308,8,1237,3,4,24,1,1,2
309,9,276,4,4,22,1,1,1
310,48,5381,3,4,40,1,1,1
311,24,5511,4,1,25,1,1,1
312,24,3749,2,4,26,1,1,1
313,12,685,2,3,25,1,1,2
314,4,1494,1,2,29,1,2,1
315,36,2746,4,4,31,1,1,2
316,12,708,2,3,38,1,2,1
317,24,4351,1,4,48,1,1,1
318,12,701,4,2,32,2,1,1
319,15,3643,1,4,27,2,1,1
320,30,4249,4,2,28,2,1,2
321,24,1938,4,3,32,1,1,2
322,24,2910,2,1,34,1,1,1
323,18,2659,4,2,28,1,1,1
324,18,1028,4,3,36,2,1,1
325,8,3398,1,4,39,2,1,1
326,12,5801,2,4,49,1,1,1
327,24,1525,4,3,34,1,2,1
328,36,4473,4,2,31,1,1,1
329,6,1068,4,4,28,1,2,1
330,24,6615,2,4,75,2,1,1
331,18,1864,4,2,30,2,1,2
332,60,7408,4,2,24,1,1,2
333,48,11590,2,4,24,2,1,2
334,24,4110,3,4,23,2,2,2
335,6,3384,1,4,44,1,1,2
336,13,2101,2,4,23,1,1,1
337,15,1275,4,2,24,1,1,2
338,24,4169,4,4,28,1,1,1
339,10,1521,4,2,31,1,1,1
340,24,5743,2,4,24,2,1,1
341,21,3599,1,4,26,1,1,1
342,18,3213,1,3,25,1,1,1
343,18,4439,1,1,33,1,1,1
344,10,3949,1,1,37,1,2,1
345,15,1459,4,2,43,1,1,1
346,13,882,4,4,23,2,1,1
347,24,3758,1,4,23,1,1,1
348,6,1743,1,2,34,2,1,1
349,9,1136,4,3,32,2,2,2
350,9,1236,1,4,23,1,1,1
351,9,959,1,2,29,1,1,2
352,18,3229,2,4,38,1,1,1
353,12,6199,4,2,29,2,1,2
354,10,727,4,4,46,1,1,1
355,24,1246,4,2,23,1,1,2
356,12,2331,1,4,49,1,1,1
357,36,4463,4,2,26,2,1,2
358,12,776,4,2,28,1,1,1
359,30,2406,4,4,23,1,1,2
360,18,1239,4,4,61,1,1,1
361,12,3399,2,3,37,1,1,1
362,12,2247,2,2,36,2,1,1
363,6,1766,1,2,21,1,1,1
364,18,2473,4,1,25,1,1,2
365,12,1542,2,4,36,1,1,1
366,18,3850,3,1,27,2,1,1
367,18,3650,1,4,22,1,1,1
368,36,3446,4,2,42,1,2,2
369,18,3001,2,4,40,1,1,1
370,36,3079,4,4,36,1,1,1
371,18,6070,3,4,33,2,1,1
372,10,2146,1,3,23,2,1,1
373,60,13756,2,4,63,1,1,1
374,60,14782,3,4,60,2,1,2
375,48,7685,2,4,37,1,1,2
376,18,2320,2,3,34,2,1,1
377,7,846,3,4,36,1,1,1
378,36,14318,4,2,57,1,1,2
379,6,362,4,4,53,2,1,1
380,20,2212,4,4,39,1,1,1
381,18,12976,3,4,38,1,1,2
382,22,1283,4,4,25,1,1,1
383,12,1330,4,1,26,1,1,1
384,30,4272,2,2,26,2,1,1
385,18,2238,2,1,25,2,1,1
386,18,1126,4,2,21,1,1,1
387,18,7374,4,4,40,2,1,1
388,15,2326,2,4,27,1,1,1
389,9,1449,3,2,27,2,1,1
390,18,1820,2,2,30,1,1,1
391,12,983,1,4,19,1,1,1
392,36,3249,2,4,39,1,2,1
393,6,1957,1,4,31,1,1,1
394,9,2406,2,3,31,1,1,1
395,39,11760,2,3,32,1,1,1
396,12,2578,3,4,55,1,1,1
397,36,2348,3,2,46,2,1,1
398,12,1223,1,1,46,2,1,2
399,24,1516,4,1,43,2,1,1
400,18,1473,3,4,39,1,1,1
401,18,1887,4,4,28,2,1,1
402,24,8648,2,2,27,2,1,2
403,14,802,4,2,27,2,1,1
404,18,2899,4,4,43,1,2,1
405,24,2039,1,1,22,1,1,2
406,24,2197,4,4,43,2,2,1
407,15,1053,4,2,27,1,1,1
408,24,3235,3,2,26,1,1,1
409,12,939,4,2,28,3,1,2
410,24,1967,4,4,20,1,1,1
411,33,7253,3,2,35,2,1,1
412,12,2292,4,2,42,2,1,2
413,10,1597,3,2,40,1,2,1
414,24,1381,4,2,35,1,1,2
415,36,5842,2,2,35,2,2,1
416,12,2579,4,1,33,1,2,2
417,18,8471,1,2,23,2,1,1
418,21,2782,1,2,31,1,1,1
419,18,1042,4,2,33,1,1,2
420,15,3186,2,3,20,1,1,1
421,12,2028,4,2,30,1,1,1
422,12,958,2,3,47,2,2,1
423,21,1591,4,3,34,2,1,1
424,12,2762,1,2,25,1,1,2
425,18,2778,1,3,21,1,1,1
426,28,2743,4,2,29,2,1,1
427,18,1149,4,3,46,2,1,1
428,9,1313,1,4,20,1,1,1
429,18,1190,2,4,55,3,2,2
430,5,3448,1,4,74,1,1,1
431,24,11328,2,3,29,2,1,2
432,6,1872,4,4,36,3,1,1
433,24,2058,4,2,33,2,1,1
434,9,2136,3,2,25,1,1,1
435,12,1484,2,1,25,1,1,2
436,6,660,2,4,23,1,1,1
437,24,1287,4,4,37,2,1,1
438,42,3394,4,4,65,2,1,1
439,12,609,4,1,26,1,1,2
440,12,1884,4,4,39,1,1,1
441,12,1620,2,3,30,1,1,1
442,20,2629,2,3,29,2,1,1
443,12,719,4,4,41,1,2,2
444,48,5096,2,3,30,1,1,2
445,9,1244,4,4,41,2,1,1
446,36,1842,4,4,34,1,1,2
447,7,2576,2,2,35,1,1,1
448,12,1424,3,4,55,1,1,1
449,15,1512,3,3,61,2,1,2
450,36,11054,4,2,30,1,1,1
451,6,518,3,0,29,1,1,1
452,12,2759,2,4,34,2,1,1
453,24,2670,4,4,35,1,1,1
454,24,4817,2,3,31,1,1,2
455,24,2679,4,1,29,1,1,1
456,11,3905,2,2,36,2,2,1
457,12,3386,3,4,35,1,1,2
458,6,343,4,1,27,1,1,1
459,18,4594,3,2,32,1,1,1
460,36,3620,1,2,37,1,2,1
461,15,1721,2,3,36,1,1,1
462,12,3017,3,1,34,1,1,1
463,12,754,4,4,38,2,1,1
464,18,1950,4,1,34,2,1,1
465,24,2924,3,4,63,1,2,1
466,24,1659,4,2,29,1,1,2
467,48,7238,3,3,32,2,2,1
468,33,2764,2,2,26,2,1,1
469,24,4679,3,3,35,2,1,1
470,24,3092,3,2,22,1,1,2
471,6,448,4,4,23,1,1,2
472,9,654,4,3,28,1,1,2
473,6,1238,4,4,36,1,2,1
474,18,1245,4,2,33,1,1,2
475,18,3114,1,4,26,1,1,2
476,39,2569,4,4,24,1,1,1
477,24,5152,4,2,25,1,1,1
478,12,1037,3,4,39,1,1,1
479,15,1479,4,4,44,2,2,1
480,12,3573,1,1,23,1,1,1
481,24,1201,4,1,26,1,1,1
482,30,3622,4,4,57,2,1,1
483,15,960,3,2,30,2,1,1
484,12,1163,4,4,44,1,1,1
485,6,1209,4,4,47,1,1,2
486,12,3077,2,4,52,1,1,1
487,24,3757,4,4,62,1,1,1
488,10,1418,3,2,35,1,1,1
489,6,3518,2,3,26,1,1,1
490,12,1934,2,2,26,2,1,1
491,27,8318,2,4,42,2,1,2
492,6,1237,1,1,27,2,1,1
493,6,368,4,4,38,1,1,1
494,12,2122,3,2,39,2,2,1
495,24,2996,2,4,20,1,1,2
496,36,9034,4,1,29,1,1,2
497,24,1585,4,3,40,2,1,1
498,18,1301,4,2,32,1,1,1
499,6,1323,2,4,28,2,2,1
500,24,3123,4,1,27,1,1,2
501,36,5493,2,4,42,1,2,1
502,9,1126,2,4,49,1,1,1
503,24,1216,4,4,38,2,2,2
504,24,1207,4,4,24,1,1,2
505,10,1309,4,4,27,1,1,2
506,15,2360,2,2,36,1,1,1
507,15,6850,1,2,34,0,2,2
508,24,1413,4,2,28,1,1,1
509,39,8588,4,2,45,1,1,1
510,12,759,4,2,26,1,1,2
511,36,4686,2,2,32,1,1,1
512,15,2687,2,4,26,1,1,1
513,12,585,4,4,20,2,1,1
514,24,2255,4,1,54,1,1,1
515,6,609,4,3,37,2,1,1
516,6,1361,2,4,40,1,2,1
517,36,7127,2,4,23,2,1,2
518,6,1203,3,2,43,1,1,1
519,6,700,4,4,36,2,1,1
520,24,5507,3,4,44,2,1,1
521,18,3190,2,2,24,1,1,2
522,48,7119,3,4,53,2,2,2
523,24,3488,3,4,23,1,1,1
524,18,1113,4,4,26,1,2,1
525,26,7966,2,3,30,2,1,1
526,15,1532,4,3,31,1,1,1
527,4,1503,2,1,42,2,2,1
528,36,2302,4,4,31,1,1,2
529,6,662,3,4,41,1,2,1
530,36,2273,3,1,32,2,2,1
531,15,2631,2,4,28,2,1,2
532,12,1503,4,4,41,1,1,1
533,24,1311,4,3,26,1,1,1
534,24,3105,4,2,25,2,1,1
535,21,2319,2,1,33,1,1,2
536,6,1374,4,3,75,1,1,1
537,18,3612,3,4,37,1,1,1
538,48,7763,4,4,42,1,1,2
539,18,3049,1,1,45,1,1,1
540,12,1534,1,1,23,1,1,2
541,24,2032,4,4,60,2,1,1
542,30,6350,4,4,31,1,1,2
543,18,2864,2,1,34,1,2,2
544,12,1255,4,4,61,2,1,1
545,24,1333,4,2,43,2,2,2
546,24,2022,4,4,37,1,1,1
547,24,1552,3,1,32,1,2,1
548,12,626,4,4,24,1,1,2
549,48,8858,2,1,35,2,1,1
550,12,996,4,4,23,2,1,1
551,6,1750,2,4,45,1,2,1
552,48,6999,1,1,34,2,1,2
553,12,1995,4,1,27,1,1,1
554,9,1199,4,4,67,2,1,1
555,12,1331,2,1,22,1,1,2
556,19,2278,3,3,28,2,1,2
557,21,5003,1,4,29,2,1,2
558,24,3552,3,4,27,1,1,2
559,18,1928,2,2,31,2,1,2
560,24,2964,4,4,49,1,2,1
561,24,1546,4,4,24,1,1,2
562,6,683,2,1,29,1,1,1
563,36,12389,1,4,36,1,1,2
564,24,4712,4,2,37,2,1,1
565,24,1553,3,2,23,2,1,1
566,12,1372,2,3,36,1,1,2
567,24,2578,2,2,34,1,1,1
568,48,3979,4,1,41,2,2,1
569,48,6758,3,2,31,1,1,2
570,24,3234,4,4,23,1,1,2
571,30,5954,3,2,38,1,1,1
572,25,5433,2,4,26,1,1,1
573,15,806,4,4,22,1,1,1
574,9,1082,4,4,27,2,1,1
575,15,2788,2,3,24,2,1,1
576,12,2930,2,1,27,1,1,1
577,24,1927,3,2,33,2,1,1
578,36,2820,4,4,27,2,1,2
579,24,937,4,3,27,2,1,1
580,18,1056,3,3,30,2,1,2
581,12,3124,1,3,49,2,2,1
582,9,1388,4,2,27,1,1,1
583,36,2384,4,1,33,1,1,2
584,12,2133,4,4,52,1,1,1
585,18,2039,1,4,20,1,1,2
586,9,2799,2,2,36,2,2,1
587,12,1289,4,1,21,1,1,1
588,18,1217,4,3,47,1,1,2
589,12,2246,3,3,60,2,1,2
590,12,385,4,3,58,4,1,1
591,24,1965,4,4,42,2,1,1
592,21,1572,4,4,36,1,1,1
593,24,2718,3,4,20,1,1,2
594,24,1358,4,3,40,1,1,2
595,6,931,1,1,32,1,1,2
596,24,1442,4,4,23,2,1,2
597,24,4241,1,4,36,3,1,2
598,18,2775,2,2,31,2,1,2
599,24,3863,1,2,32,1,1,1
600,7,2329,1,1,45,1,1,1
601,9,918,4,1,30,1,1,2
602,24,1837,4,4,34,1,1,2
603,36,3349,4,2,28,1,1,2
604,10,1275,4,2,23,1,1,1
605,24,2828,4,4,22,1,1,1
606,24,4526,3,2,74,1,1,1
607,36,2671,4,4,50,1,1,2
608,18,2051,4,1,33,1,1,1
609,15,1300,4,4,45,1,2,1
610,12,741,4,3,22,1,1,2
611,10,1240,1,4,48,1,2,2
612,21,3357,4,2,29,1,1,1
613,24,3632,1,4,22,1,1,1
614,18,1808,4,1,22,1,1,2
615,48,12204,2,2,48,1,1,1
616,60,9157,2,2,27,1,1,1
617,6,3676,1,3,37,3,2,1
618,30,3441,2,4,21,1,1,2
619,12,640,4,2,49,1,1,1
620,21,3652,2,3,27,2,1,1
621,18,1530,3,2,32,2,1,2
622,48,3914,4,2,38,1,1,2
623,12,1858,4,1,22,1,1,1
624,18,2600,4,4,65,2,1,2
625,15,1979,4,2,35,1,1,1
626,6,2116,2,2,41,1,1,1
627,9,1437,2,3,29,1,1,2
628,42,4042,4,4,36,2,1,1
629,9,3832,1,4,64,1,1,1
630,24,3660,2,4,28,1,1,1
631,18,1553,4,3,44,1,1,2
632,15,1444,4,1,23,1,1,1
633,9,1980,2,2,19,2,1,2
634,24,1355,3,4,25,1,1,2
635,12,1393,4,4,47,3,2,1
636,24,1376,4,1,28,1,1,1
637,60,15653,2,4,21,2,1,1
638,12,1493,4,3,34,1,2,1
639,42,4370,3,2,26,2,2,2
640,18,750,4,1,27,1,1,2
641,15,1308,4,4,38,2,1,1
642,15,4623,3,2,40,1,1,2
643,24,1851,4,2,33,2,1,1
644,18,1880,4,1,32,3,1,1
645,36,7980,4,4,27,2,1,2
646,30,4583,2,2,32,2,1,1
647,12,1386,2,2,26,1,1,2
648,24,947,4,3,38,1,2,2
649,12,684,4,4,40,1,2,2
650,48,7476,4,1,50,1,1,1
651,12,1922,4,2,37,1,1,2
652,24,2303,4,1,45,1,1,2
653,36,8086,2,4,42,4,1,2
654,24,2346,4,3,35,2,1,1
655,14,3973,1,4,22,1,1,1
656,12,888,4,4,41,1,2,2
657,48,10222,4,3,37,1,1,1
658,30,4221,2,1,28,2,1,1
659,18,6361,2,1,41,1,1,1
660,12,1297,3,4,23,1,0,1
661,12,900,4,2,23,1,1,2
662,21,2241,4,2,50,2,1,1
663,6,1050,4,1,35,2,1,1
664,6,1047,2,5,50,1,1,1
665,24,6314,4,2,27,2,1,1
666,30,3496,4,2,34,1,2,1
667,48,3609,1,1,27,1,1,1
668,12,4843,3,4,43,2,1,2
669,30,3017,4,4,47,1,1,1
670,24,4139,3,3,27,2,1,1
671,36,5742,2,2,31,2,1,1
672,60,10366,2,4,42,1,1,1
673,6,2080,1,2,24,1,1,1
674,21,2580,4,2,41,1,2,2
675,30,4530,4,4,26,1,1,1
676,24,5150,4,4,33,1,1,1
677,72,5595,2,2,24,1,1,2
678,24,2384,4,4,64,1,1,1
679,18,1453,3,1,26,1,1,1
680,6,1538,1,2,56,1,1,1
681,12,2279,4,4,37,1,1,1
682,15,1478,4,3,33,2,1,1
683,24,5103,3,3,47,3,1,1
684,36,9857,1,3,31,2,2,1
685,60,6527,4,4,34,1,2,1
686,10,1347,4,2,27,2,1,1
687,36,2862,4,3,30,1,1,1
688,9,2753,3,4,35,1,1,1
689,12,3651,1,3,31,1,2,1
690,15,975,2,3,25,2,1,1
691,15,2631,3,2,25,1,1,1
692,24,2896,2,1,29,1,1,1
693,6,4716,1,3,44,2,2,1
694,24,2284,4,2,28,1,1,1
695,6,1236,2,4,50,1,1,1
696,12,1103,4,3,29,2,1,1
697,12,926,1,2,38,1,1,1
698,18,1800,4,2,24,2,1,1
699,15,1905,4,4,40,1,1,1
700,12,1123,4,4,29,1,1,2
701,48,6331,4,4,46,2,1,2
702,24,1377,4,2,47,1,1,1
703,30,2503,4,2,41,2,1,1
704,27,2528,4,1,32,1,2,1
705,15,5324,1,4,35,1,1,1
706,48,6560,2,2,24,1,1,2
707,12,2969,4,3,25,2,1,2
708,9,1206,4,4,25,1,1,1
709,9,2118,2,2,37,1,2,1
710,18,629,4,3,32,2,1,1
711,6,1198,4,4,35,1,1,2
712,21,2476,4,4,46,1,1,1
713,9,1138,4,4,25,2,1,1
714,60,14027,4,2,27,1,1,2
715,30,7596,1,4,63,2,1,1
716,30,3077,3,2,40,2,2,1
717,18,1505,4,2,32,1,1,1
718,24,3148,3,2,31,2,1,1
719,20,6148,3,4,31,2,1,1
720,9,1337,4,2,34,2,1,2
721,6,433,4,2,24,1,2,2
722,12,1228,4,2,24,1,1,2
723,9,790,4,3,66,1,1,1
724,27,2570,3,3,21,1,1,2
725,6,250,2,2,41,2,1,1
726,15,1316,2,2,47,2,1,1
727,18,1882,4,4,25,2,1,2
728,48,6416,4,3,59,1,1,2
729,24,1275,2,4,36,2,1,1
730,24,6403,1,2,33,1,1,1
731,24,1987,2,4,21,1,2,2
732,8,760,4,2,44,1,1,1
733,24,2603,2,4,28,1,1,1
734,4,3380,1,1,37,1,2,1
735,36,3990,3,2,29,1,1,1
736,24,11560,1,4,23,2,1,2
737,18,4380,3,4,35,1,2,1
738,6,6761,1,3,45,2,3,1
739,30,4280,4,4,26,2,1,2
740,24,2325,2,3,32,1,1,1
741,10,1048,4,4,23,1,1,1
742,21,3160,4,3,41,1,1,1
743,24,2483,4,4,22,1,1,1
744,39,14179,4,4,31,2,1,1
745,13,1797,3,1,28,2,1,1
746,15,2511,1,4,23,1,1,1
747,12,1274,3,1,37,1,1,2
748,21,5248,1,3,26,1,1,1
749,15,3029,2,2,33,1,1,1
750,6,428,2,1,49,1,1,1
751,18,976,1,2,23,1,1,2
752,12,841,2,4,23,1,1,1
753,30,5771,4,2,25,2,1,1
754,12,1555,4,4,55,2,2,2
755,24,1285,4,4,32,1,1,2
756,6,1299,1,1,74,3,2,1
757,15,1271,3,4,39,2,1,2
758,24,1393,2,2,31,1,1,1
759,12,691,4,3,35,3,1,2
760,15,5045,1,4,59,1,1,1
761,18,2124,4,4,24,2,1,2
762,12,2214,4,3,24,1,1,1
763,21,12680,4,4,30,1,1,2
764,24,2463,4,3,27,2,1,1
765,12,1155,3,3,40,2,1,1
766,30,3108,2,4,31,1,1,2
767,10,2901,1,4,31,1,1,1
768,12,3617,1,4,28,3,1,1
769,12,1655,2,4,63,2,1,1
770,24,2812,2,4,26,1,1,1
771,36,8065,3,2,25,2,1,2
772,21,3275,1,4,36,1,1,1
773,24,2223,4,4,52,2,1,1
774,12,1480,2,4,66,3,1,1
775,24,1371,4,4,25,1,1,2
776,36,3535,4,4,37,2,1,1
777,18,3509,4,1,25,1,1,1
778,36,5711,4,2,38,2,1,1
779,18,3872,2,4,67,1,1,1
780,39,4933,2,2,25,2,1,2
781,24,1940,4,4,60,1,1,1
782,12,1410,2,2,31,1,1,1
783,12,836,4,2,23,1,1,2
784,20,6468,1,4,60,1,1,1
785,18,1941,4,2,35,1,1,1
786,22,2675,3,4,40,1,1,1
787,48,2751,4,3,38,2,2,1
788,48,6224,4,4,50,1,1,2
789,40,5998,4,3,27,1,1,2
790,21,1188,2,4,39,1,2,2
791,24,6313,3,4,41,1,2,1
792,6,1221,1,2,27,2,1,1
793,24,2892,3,4,51,1,1,1
794,24,3062,4,3,32,1,1,1
795,9,2301,2,4,22,1,1,1
796,18,7511,1,4,51,1,2,2
797,12,1258,2,4,22,2,1,1
798,24,717,4,4,54,2,1,1
799,9,1549,4,2,35,1,1,1
800,24,1597,4,4,54,2,2,1
801,18,1795,3,4,48,2,1,1
802,20,4272,1,4,24,2,1,1
803,12,976,4,4,35,2,1,1
804,12,7472,1,2,24,1,1,1
805,36,9271,2,1,24,1,1,2
806,6,590,3,3,26,1,1,1
807,12,930,4,4,65,4,1,1
808,42,9283,1,2,55,1,1,1
809,15,1778,2,1,26,2,1,2
810,8,907,3,2,26,1,1,1
811,6,484,3,3,28,1,1,1
812,36,9629,4,4,24,2,1,2
813,48,3051,3,4,54,1,1,2
814,48,3931,4,4,46,1,2,2
815,36,7432,2,2,54,1,1,1
816,6,1338,1,4,62,1,1,1
817,6,1554,1,2,24,2,1,1
818,36,15857,2,3,43,1,0,1
819,18,1345,4,3,26,1,1,2
820,12,1101,3,2,27,2,1,1
821,12,3016,3,1,24,1,1,1
822,36,2712,2,2,41,1,2,2
823,8,731,4,4,47,2,1,1
824,18,3780,3,2,35,2,1,1
825,21,1602,4,3,30,2,1,1
826,18,3966,1,4,33,3,1,2
827,18,4165,2,2,36,2,2,2
828,36,8335,3,4,47,1,1,2
829,48,6681,4,4,38,1,2,1
830,24,2375,4,2,44,2,2,1
831,18,1216,4,3,23,1,1,2
832,45,11816,2,4,29,2,1,2
833,24,5084,2,4,42,1,1,1
834,15,2327,2,3,25,1,1,2
835,12,1082,4,4,48,2,1,2
836,12,886,4,2,21,1,1,1
837,4,601,1,3,23,1,2,1
838,24,2957,4,4,63,2,1,1
839,24,2611,4,3,46,2,1,1
840,36,5179,4,2,29,1,1,2
841,21,2993,3,2,28,2,1,1
842,18,1943,4,4,23,1,1,2
843,24,1559,4,4,50,1,1,1
844,18,3422,4,4,47,3,2,1
845,21,3976,2,3,35,1,1,1
846,18,6761,2,4,68,2,1,2
847,24,1249,4,2,28,1,1,1
848,9,1364,3,4,59,1,1,1
849,12,709,4,4,57,1,1,2
850,20,2235,4,2,33,2,1,2
851,24,4042,3,4,43,2,1,1
852,15,1471,4,4,35,2,1,1
853,18,1442,4,4,32,2,2,2
854,36,10875,2,2,45,2,2,1
855,24,1474,4,3,33,1,1,1
856,10,894,4,3,40,1,1,1
857,15,3343,4,2,28,1,1,1
858,15,3959,3,2,29,1,1,2
859,9,3577,1,2,26,1,2,1
860,24,5804,4,2,27,2,1,1
861,18,2169,4,2,28,1,1,2
862,24,2439,4,4,35,1,1,2
863,27,4526,4,2,32,2,2,1
864,10,2210,2,2,25,1,1,2
865,15,2221,2,4,20,1,1,1
866,18,2389,4,1,27,1,1,1
867,12,3331,2,4,42,1,1,1
868,36,7409,3,2,37,2,1,1
869,12,652,4,4,24,1,1,1
870,36,7678,2,4,40,2,1,1
871,6,1343,1,4,46,2,2,1
872,24,1382,4,1,26,2,1,1
873,15,874,4,1,25,1,1,1
874,12,3590,2,2,29,1,2,1
875,11,1322,4,4,40,2,1,1
876,18,1940,3,4,36,1,1,1
877,36,3595,4,2,28,1,1,1
878,9,1422,3,2,27,1,1,2
879,30,6742,2,3,36,2,1,1
880,24,7814,3,3,38,1,1,1
881,24,9277,2,4,48,1,1,1
882,30,2181,4,4,36,2,1,1
883,18,1098,4,4,65,2,1,1
884,24,4057,3,3,43,1,1,2
885,12,795,4,4,53,1,1,2
886,24,2825,4,3,34,2,2,1
887,48,15672,2,2,23,1,1,2
888,36,6614,4,4,34,2,1,1
889,28,7824,3,4,40,2,2,1
890,27,2442,4,4,43,4,2,1
891,15,1829,4,4,46,2,1,1
892,12,2171,4,4,38,2,1,1
893,36,5800,3,4,34,2,1,1
894,18,1169,4,3,29,2,1,1
895,36,8947,3,2,31,1,2,1
896,21,2606,4,4,28,1,1,1
897,12,1592,3,2,35,1,1,1
898,15,2186,1,4,33,1,1,1
899,18,4153,2,3,42,1,1,2
900,16,2625,2,4,43,1,1,2
901,20,3485,2,4,44,2,1,1
902,36,10477,2,4,42,2,1,1
903,15,1386,4,2,40,1,1,1
904,24,1278,4,1,36,1,1,1
905,12,1107,2,2,20,1,2,1
906,21,3763,2,2,24,1,1,1
907,36,3711,2,2,27,1,1,1
908,15,3594,1,2,46,2,1,1
909,9,3195,1,2,33,1,1,1
910,36,4454,4,4,34,2,1,1
911,25,4736,2,4,25,1,1,2
912,30,2991,2,4,25,1,1,1
913,11,2142,1,2,28,1,1,1
914,24,3161,4,2,31,1,1,2
915,48,18424,1,2,32,1,1,2
916,10,2848,1,2,32,1,2,1
917,6,14896,1,4,68,1,1,2
918,24,2359,1,1,33,1,1,2
919,24,3345,4,2,39,1,1,2
920,18,1817,4,2,28,2,1,1
921,48,12749,4,1,37,1,1,1
922,9,1366,3,4,22,1,1,2
923,12,2002,3,4,30,1,2,1
924,24,6872,2,1,55,1,1,2
925,12,697,4,2,46,2,1,2
926,18,1049,4,4,21,1,1,1
927,48,10297,4,4,39,3,2,2
928,30,1867,4,4,58,1,1,1
929,12,1344,4,2,43,2,2,1
930,24,1747,4,1,24,1,1,1
931,9,1670,4,2,22,1,1,2
932,9,1224,3,1,30,2,1,1
933,12,522,4,4,42,2,2,1
934,12,1498,4,1,23,1,1,1
935,30,1919,4,3,30,2,1,2
936,9,745,3,2,28,1,1,2
937,6,2063,4,3,30,1,1,1
938,60,6288,4,4,42,1,1,2
939,24,6842,2,4,46,2,2,1
940,12,3527,2,3,45,1,2,1
941,10,1546,3,2,31,1,2,1
942,24,929,4,2,31,1,1,1
943,4,1455,2,1,42,3,2,1
944,15,1845,4,1,46,1,1,1
945,48,8358,1,1,30,2,1,1
946,24,3349,4,4,30,1,2,2
947,12,2859,4,4,38,1,1,1
948,18,1533,4,1,43,1,3,2
949,24,3621,2,4,31,2,1,2
950,18,3590,3,3,40,3,2,1
951,36,2145,2,1,24,2,1,2
952,24,4113,3,4,28,1,1,2
953,37,10974,4,2,26,2,1,2
954,12,1893,4,4,29,1,1,1
955,24,1231,4,4,57,2,1,1
956,30,3656,4,4,49,2,1,1
957,9,1154,2,4,37,3,1,1
958,28,4006,3,2,45,1,1,2
959,24,3069,4,4,30,1,1,1
960,6,1740,2,2,30,2,1,1
961,21,2353,1,4,47,2,1,1
962,15,3556,3,2,29,1,1,1
963,24,2397,3,2,35,2,1,2
964,6,454,3,1,22,1,1,1
965,30,1715,4,1,26,1,1,1
966,27,2520,4,2,23,2,1,2
967,15,3568,4,2,54,1,1,1
968,42,7166,2,4,29,1,1,1
969,11,3939,1,2,40,2,2,1
970,15,1514,4,2,22,1,1,1
971,24,7393,1,4,43,1,2,1
972,24,1193,1,4,29,2,1,2
973,60,7297,4,4,36,1,1,2
974,30,2831,4,2,33,1,1,1
975,24,1258,3,3,57,1,1,1
976,6,753,2,3,64,1,1,1
977,18,2427,4,2,42,2,1,1
978,24,2538,4,4,47,2,2,2
979,15,1264,2,2,25,1,1,2
980,30,8386,2,2,49,1,1,2
981,48,4844,3,2,33,1,1,2
982,21,2923,1,1,28,1,1,1
983,36,8229,2,2,26,1,2,2
984,24,2028,2,2,30,2,1,1
985,15,1433,4,3,25,2,1,1
986,42,6289,2,1,33,2,1,1
987,13,1409,2,4,64,1,1,1
988,24,6579,4,2,29,1,1,1
989,24,1743,4,2,48,2,1,1
990,12,3565,2,1,37,2,2,1
991,15,1569,4,4,34,1,2,1
992,18,1936,2,4,22,2,1,1
993,36,3959,4,3,30,1,1,1
994,12,2390,4,3,50,1,0,1
995,12,1736,3,4,31,1,1,1
996,30,3857,4,4,40,1,1,1
997,12,804,4,4,38,1,1,1
998,45,1845,4,4,23,1,1,2
999,45,4576,3,4,27,1,1,1
