BREAST CANCER
Scoring: f1_macro (20 exp)
0.551235628509419
0.5719038621616768
0.5758548800543405
0.5841124717112676
0.5859617411235051
0.5867575380315879
0.5606512125216047
0.5420420540739059
0.5197325647330089
----------------------(20)
0.5565734359974153
0.5839324167976594
0.5892497534786126
0.5932777510885241
0.5933935253179136
0.5878245549563943
0.5756717851390033
0.5472273438780662
0.5290203812121113


Scoring: accuracy (20)
0.6658583743842365
0.710103448275862
0.7123690476190477
0.7170615763546799
0.7182992610837438
0.7205755336617405
0.7089084564860426
0.7063050082101807
0.6937721674876848
---------------------- (20)
0.670227422003284
0.7173148604269294
0.7208312807881774
0.7233378489326766
0.722758210180624
0.721053776683087
0.7170266830870278
0.7083990147783251
0.7010467980295567
-------------------------------------------------------------------
-------------------------------------------------------------------
-------------------------------------------------------------------
NURSERY
Scoring: f1_macro (20)
0.6203630534455469
0.5048594927602569
0.5145372386835997
0.5109704354243642
0.5150312857066495
0.5105378199015107
0.4833212673549851
0.5157120475163003
-------------------- (20)
0.6321442428380586
0.5041134018795489
0.5142502698479033
0.5103336426740984
0.5147782322855088
0.5101715671223527
0.47499434965406034
0.5157120475163003

Scoring: accuracy (20)
0.8406252166787789
0.7387380154155243
0.747211343262576
0.7439525757716304
0.7484060916544684
0.7444417492230148
0.7220410676571422
0.7097551610443882
------------------- (20)
0.844169206134343
0.7397067429655378
0.7483530329749322
0.7447510738302012
0.7496446697015584
0.7455722459974721
0.7167564633517387
0.7097551610443882